Traffic Light:  tl202249898
    120254975       239586112#1     -19482629#0     -48729800#0     19470377#1
    10              0               0               0               8
    2               0               0               0               2
    4               0               0               0               4
    0               0               0               0               0
    0               6               6               0               0
    0               2               2               0               0
    0               4               4               0               0
    0               0               0               0               0
    2               0               0               7               0
    0               0               0               0               0

Traffic Light:  tl1443088096
    -255426437#0    -337402032      120254976#13    -19457616#0
    0               10              10              0
    0               2               2               0
    0               4               4               0
    0               0               0               0
    6               2               0               4
    2               0               0               0
    4               0               0               0
    0               0               0               0

Traffic Light:  tl202514078
    120254976#5     -120254976#6    -19485812#0     -19485718
    10              10              0               0
    2               2               0               0
    4               4               0               0
    0               0               0               0
    0               0               6               6
    0               0               2               2
    0               0               4               4
    0               0               0               0

Traffic Light:  tl202270699
    -19451647#0     301635407#2     19463179        19484309#1
    0               0               8               9
    0               0               2               1
    0               0               4               2
    0               0               0               0
    4               5               0               0
    2               1               0               0
    4               2               0               0
    0               0               0               0

Traffic Light:  tl202304149
    274472524#1     19481816#5      -19455987
    0               4               5
    0               2               1
    0               4               2
    0               0               0
    8               0               0
    0               0               0

Traffic Light:  tl1443088101
    19463160#11     19479801#10     -19463160#12    -19456179#0
    8               0               8               0
    2               0               2               0
    4               0               4               0
    0               0               0               0
    0               6               0               6
    0               2               0               2
    0               4               0               4
    0               0               0               0

Traffic Light:  tl3010263944
    -19457616#5     19485812#5      19457616#4      19456179#4
    6               0               6               0
    2               0               2               0
    4               0               4               0
    0               0               0               0
    0               8               0               8
    0               2               0               2
    0               4               0               4
    0               0               0               0

Traffic Light:  tl202305800
    -19456231#0     337393244#7     -337393244#8    -19456332#0
    0               10              10              0
    0               2               2               0
    0               4               4               0
    0               0               0               0
    6               0               0               6
    2               0               0               2
    4               0               0               4
    0               0               0               0

Traffic Light:  tl202255085
    19457433#3      19482714#0      -19457433#4
    5               0               4
    1               0               2
    2               0               4
    0               0               0
    0               8               0
    0               0               0

Traffic Light:  tl202315000
    19474043#0      -19457433#5     19457433#4
    0               5               4
    0               1               2
    0               2               4
    0               0               0
    8               0               0
    0               0               0

Traffic Light:  tl202315010
    -19463160#3     19457433#9      19463160#2
    7               0               6
    1               0               2
    2               0               4
    0               0               0
    2               5               0
    0               0               0

Traffic Light:  tl202321277
    -19484309#0     19463160#15     19458189#1      -19458189#2
    8               8               0               0
    2               2               0               0
    4               4               0               0
    0               0               0               0
    0               0               6               6
    0               0               2               2
    0               0               4               4
    0               0               0               0

Traffic Light:  tl202366942
    -19463160#0     19481813#3      -43069098#0
    7               0               5
    0               0               0
    2               5               0
    0               0               0

Traffic Light:  tl202415548
    19482687#5      19469758#2      -19469758#3
    0               4               7
    0               2               1
    0               4               2
    0               0               0
    7               0               4
    0               0               0

Traffic Light:  tl202514074
    337402032       -19469820#0     -337393244#0    19469758#3
    9               0               9               0
    1               0               1               0
    2               0               2               0
    0               0               0               0
    2               3               2               4
    0               1               0               0
    0               2               0               0
    0               0               0               0

Traffic Light:  tl202338954
    -245915229#8    19470591#2      245915229#7
    7               0               6
    1               0               2
    2               0               4
    0               0               0
    2               5               0
    0               0               0

Traffic Light:  tl202438958
    -19472871#0     -337393244#2    -259811262#0    337393244#1
    0               10              0               10
    0               2               0               2
    0               4               0               4
    0               0               0               0
    6               0               6               0
    2               0               2               0
    4               0               4               0
    0               0               0               0

Traffic Light:  tl202459503
    -19479801#6     19479801#5      19475799#3
    6               7               0
    2               1               0
    4               2               0
    0               0               0
    0               0               6
    0               0               0

Traffic Light:  tl202400744
    -19479801#7     19479801#6      19474043#3
    7               6               0
    1               2               0
    2               4               0
    0               0               0
    0               0               6
    0               0               0

Traffic Light:  tl202255081
    19449685#1      -19481816#5     19481816#4
    0               4               5
    0               2               1
    0               4               2
    0               0               0
    8               0               0
    0               0               0

Traffic Light:  tl202514063
    -19484165       -19484078#0     -337393244#9    337393244#8
    0               0               10              10
    0               0               2               2
    0               0               4               4
    0               0               0               0
    6               6               0               0
    2               2               0               0
    4               4               0               0
    0               0               0               0

Traffic Light:  tl2348680352
    -226014644#1    226014644#0     19475799#2
    5               4               0
    1               2               0
    2               4               0
    0               0               0
    0               0               8
    0               0               0

Traffic Light:  tl2348680356
    -226014644#0    19467734
    0               6
    0               0
    4               0
    0               0

Traffic Light:  tl202407913
    337393244#4     -337393244#5    19482278#5
    9               8               0
    1               2               0
    2               4               0
    0               0               0
    0               0               8
    0               0               0

Traffic Light:  tl202311484
    337393244#5     -337393244#6    19457068#0
    8               9               0
    2               1               0
    4               2               0
    0               0               0
    0               0               8
    0               0               0
